
strategic_region={
	id=217
	name="STRATEGICREGION_217"
	provinces={
		475 642 756 1216 1384 1459 1479 1493 1517 1532 1554 1573 1576 1593 1614 1623 1632 1649 1919 3593 4467 4482 4488 4499 4523 4542 4549 4563 4578 4581 4599 4618 4620 4629 4636 4638 4958 5003 7224 7477 7486 7491 7501 7507 7541 7560 7563 7618 7635 7639 7641 7682 7775 7777 7924 8099 9605 10148 10187 10205 10262 10348 10353 10357 10359 10366 10395 10406 10414 10420 10435 10470 10485 10488 10510 10601 10660 10671 10742 11687 11701 12161 12163 12218 12233 12239 12250 12324 12333 12359 12383 12430 12454 12465 12471 12474 12491 12722 13008 13242 
	}
	weather={
	}
}
